L2-reg
batch_size = 16
hiddenLayerSize1 = 1024
hiddenLayerSize2 = 128
beta = 0.00001
num_steps = 3001
Validation accuracy: 11.8%

L2-reg
batch_size = 64
hlSize0 = 128
beta = 0.0001
decay_steps=200
decay_rate=0.98
learningStart = 0.00007
stdv = 0.03

batch_size = 64
hlSize0 = 128
beta = 0.001
decay_steps = 200
decay_rate = 0.98
learningStart=0.00007
stdv = 0.03

batch_size = 64
hlSize0 = 2024
beta = 0.01
decay_steps = 200
decay_rate = 0.90
learningStart=0.0007
stdv = 0.03
~~ 48%